00000000000000000001110000000000111111111111111111111110000000000000000000000000000000000000000000000000000000000000000000010000
00000000000000000001110000000000000000000000000000000001000000000000000000000000000000000000000000000000000000000000000010000000
01000000000000000001110000000000000000000000000000000001000000000000000000110000000000000000000000000000000000000000000001000000
00000000000000000010111000000000111111111111111111111111111111110000000000000000000000000000000010000000000000000000000000000000
01000000000000000001010000000000100000000000000000000000000000001000000000000000000000000000000000000000000000000000000010000000
10100000000000000001000000000000010000000000000000000000000000001000000000000000000000000000000000000000000000000000000010010000
11010000000000000001010000000000100100000000000000000000000000000011000000000000000000000000000000000000000000000000000000000000
00000000000000000001110000000000110001000000000000000000000000000000000000000000000000000000000000000000000000000000000000000000
00000000000000000000000000000000
10000000000000000000000000000000
10011100000000000000000000000000
00000000000000000000000000000000
00000000000000000001110000000000011000000000000000000000000000000000000000000000000000000000000000000000000000000000000011000000
00000000000000000001110000000000111000000000000000000000000000000000000000000000000000000000000000000000000000000000000000100000
00000000000000000010011000000000110000000000000000000000000000000000000000000000000000000000000000010000000000000000000000000000
10100000000000000001010000000000000100000000000000000000000000001000000000000000000000000000000000000000000000000000000000010000
00000000000000000010011000000000001000000000000000000000000000000000000000000000000000000000000000010000000000000000000000000000
10100000000000000001010000000000000100000000000000000000000000001000000000000000000000000000000000000000000000000000000000010000
00000000000000000001010000000000000100000000000000000000000000000000000000000000000000000000000000000000000000000000000010000000
00000000000000000001010000000000000000000000000000000000000000000000000000000000000000000000000000000000000000000000000001000000
00000000000000000001110000000000000001101000000000000000000000000000000000000000000000000000000000000000000000000000000000000000
01000000000000000001010000000000001000000000000000000000000000001000000000000000000000000000000000000000000000000000000000100000
00000000000000000010011000000000110000000000000000000000000000000000000000000000000000000000000000010000000000000000000000000000
10100000000000000001010000000000000100000000000000000000000000001000000000000000000000000000000000000000000000000000000000010000
00000000000000000010011000000000001000000000000000000000000000000000000000000000000000000000000000010000000000000000000000000000
10100000000000000001010000000000000100000000000000000000000000001000000000000000000000000000000000000000000000000000000000010000
00000000000000000001010000000000000000000000000000000000000000000000000000000000000000000000000000000000000000000000000001000000
00000000000000000001110000000000000001101000000000000000000000000000000000000000000000000000000000000000000000000000000000000000
01000000000000000001010000000000001000000000000000000000000000001000000000000000000000000000000000000000000000000000000000100000
00000000000000000010011000000000110000000000000000000000000000000000000000000000000000000000000000010000000000000000000000000000
10100000000000000001010000000000000100000000000000000000000000001000000000000000000000000000000000000000000000000000000000010000
00000000000000000010011000000000001000000000000000000000000000000000000000000000000000000000000000010000000000000000000000000000
10100000000000000001010000000000000100000000000000000000000000001000000000000000000000000000000000000000000000000000000000010000
00000000000000000001010000000000000000000000000000000000000000000000000000000000000000000000000000000000000000000000000001000000
00000000000000000001110000000000000001101000000000000000000000000000000000000000000000000000000000000000000000000000000000000000
01000000000000001010010000000000000000000000000000000000000000001000000000000000000000000000000000000000001100000000000100000000
10100000000000001001010000000000000000000000000000000000000000001110001000000000000000000000000010000000001100000000000110010000
01010000000000000001010000000000100100000000000000000000000000000001010100000000000000000000000000000000000000000000000000000000
10100000000000001001010000000000000000000000000000000000000000000001001000000000000000000000000010000000001100000000000110010000
01010000000000000001010000000000100100000000000000000000000000000010110100000000000000000000000000000000000000000000000000000000
10100000000000001001010000000000000000000000000000000000000000001001001000000000000000000000000010000000001100000000000110010000
01010000000000000001010000000000100100000000000000000000000000000000001100000000000000000000000000000000000000000000000000000000
10100000000000001001010000000000000000000000000000000000000000000101001000000000000000000000000010000000001100000000000110010000
01010000000000000001010000000000100100000000000000000000000000000011001100000000000000000000000000000000000000000000000000000000
00000000000000000001110000000000000110110000000000000000000000000000000000000000000000000000000000000000000000000000000000000000
00000000000000000010110000000000000000000000000000000000000000000000000000000000000000000000000000000100000000000000000000000000
00000000000000000010110000000000111111111111111111111111111111110000000000000000000000000000000010000100000000000000000000000000
00000000000000000001110000000000000110110000000000000000000000000000000000000000000000000000000000000000000000000000000000000000
00000000000000000010110000000000000000000000000000000000000000000000000000000000000000000000000000000100000000000000000000000000
00000000000000000010110000000000100000000000000000000000000000000000000000000000000000000000000010000100000000000000000000000000
00000000000000000001110000000000000110110000000000000000000000000000000000000000000000000000000000000000000000000000000000000000
00000000000000000010110000000000111111111111111111111111111111110000000000000000000000000000000000000100000000000000000000000000
00000000000000000010110000000000000000000000000000000000000000000000000000000000000000000000000010000100000000000000000000000000
00000000000000000001110000000000000110110000000000000000000000000000000000000000000000000000000000000000000000000000000000000000
00000000000000000010110000000000100000000000000000000000000000000000000000000000000000000000000000000100000000000000000000000000
00000000000000000010110000000000000000000000000000000000000000000000000000000000000000000000000010000100000000000000000000000000
00000000000000000001110000000000000110110000000000000000000000000000000000000000000000000000000000000000000000000000000000000000
00000000000000000010110000000000111111110000000000000000000000000000000000000000000000000000000010000000001100000000000100000000
00000000000000000001010000000000000000000000000000000000000000000000000000000000000000000000000000000000000000000000000001000000
00000000000000000001110000000000000101011000000000000000000000000000000000000000000000000000000000000000000000000000000000000000
01000000000000000101000000000000110000000000000000000000000000000000000000000000000000000000000000000100000000000000000011000000
01000000000000000101000000000000001000000000000000000000000000000000000000000000000000000000000010000100000000000000000000100000
10001000000000000001010000000000001000000000000000000000000000000000100000000000000000000000000000000000000000000000000000100000
10001000000000000001010000000000110000000000000000000000000000000011000000000000000000000000000000000000000000000000000011000000
00000000000000000010011000000000110000000000000000000000000000000000000000000000000000000000000000010000000000000000000000000000
10100000000000000001010000000000000100000000000000000000000000001000000000000000000000000000000000000000000000000000000000010000
00000000000000000010011000000000001000000000000000000000000000000000000000000000000000000000000000010000000000000000000000000000
10100000000000000001010000000000000100000000000000000000000000001000000000000000000000000000000000000000000000000000000000010000
00000000000000000001010000000000000000000000000000000000000000000000000000000000000000000000000000000000000000000000000001000000
00000000000000000001110000000000000001101000000000000000000000000000000000000000000000000000000000000000000000000000000000000000
01000000000000001010010000000000000000000000000000000000000000001000000000000000000000000000000000000000001100000000000100000000
00000000000000000001110000000000001000010000000000000000000000000000000000000000000000000000000000000000000000000000000000000000
01000000000000000001010000000000010000000000000000000000000000000001000000000000000000000000000000000000000000000000000011010000
01000000000000000001010000000000110000000000000000000000000000001010000000000000000000000000000000000000000000000000000000110000
00000000000000000001010000000000110000000000000000000000000000000000000000000000000000000000000000000000000000000000000001010000
10010000000000000001010000000000100000000000000000000000000000000001010000000000000000000000000000000000000000000000000010000000
10010000000000000001010000000000010000000000000000000000000000000000001000000000000000000000000000000000000000000000000010010000
01000000000000000001010000000000100100000000000000000000000000000000000000000000000000010000000000000000000000000000000010010000
01000000000000000001000000000000100100000000000000000000000000000101000000000000000000000000000000000000000000000000000010010000
00000000000000001001011000000000000000000000000000000000000000000000000000000000000000000000000010000000000000000000000000100000
00000000000000000010011000000000001000000000000000000000000000000000000000000000000000000000000010010000000000000000000000000000
01000000000000000001010000000000010100000000000000000000000000001000000000000000000000000000000000000000000000000000000001010000
01000000000000000001010000000000100000000000000000000000000000001000000000000000000000000000000000000000000000000000000010000000
10100000000000000001000000000000010100000000000000000000000000000011000000000000000000000000000000000000000000000000000001110000
11010000000000000001010000000000011100000000000000000000000000000000101010000000000000000000000000000000000000000000000000000000
00000000000000000001010000000000110000000000000000000000000000000000000000000000000000000000000000000000000000000000000001010000
01000000000000000001010000000000010000000000000000000000000000001000000000000000000000000000000000000000000000000000000001000000
10100000000000000001000000000000010000000000000000000000000000001101000000000000000000000000000000000000000000000000000010110000
11010000000000000001010000000000101100000000000000000000000000000010010010000000000000000000000000000000000000000000000000000000
01000000000000000001010000000000000100000000000000000000000000001000000000000000000000000000000000000000000000000000000000010000
00000000000000001001011000000000000000000000000000000000000000000000000000000000000000000000000000010000000000000000000000000000
10010000000000000001010000000000110000000000000000000000000000000010000000000000000000000000000000000000000000000000000010010000
10010000000000000001010000000000001000000000000000000000000000000010000000000000000000000000000000000000000000000000000001010000
01000000000000000001010000000000110000000000000000000000000000001000000000000000000000000000000000000000000000000000000000110000
10010000000000000001010000000000001100000000000000000000000000000010000000000000000000000000000000000000000000000000000000110000
01000000000000000001010000000000001000000000000000000000000000001000000000000000000000000000000000000000000000000000000010110000
10010000000000000001010000000000101100000000000000000000000000000010000000000000000000000000000000000000000000000000000010110000
10010000000000000001100000000000000000100000000000000000000000001001000000000000000000000000000000000000000000000000000011010000
01000000000000000001000000000000110100000000000000000000000000000101000000000000000000000000000000000000000000000000000011010000
01000000000000000001010000000000110100000000000000000000000000000000000000000000000000010000000000000000000000000000000011010000
00000000000000000010111000000000000000000000000000000000000000000000000000000000000000000000000011010000000000000000000000000000
01000000000000000001010000000000100100000000000000000000000000001000000000000000000000000000000000000000000000000000000010010000
10100000000000000001000000000000100100000000000000000000000000000011000000000000000000000000000000000000000000000000000011010000
11010000000000000001010000000000110100000000000000000000000000000001111010000000000000000000000000000000000000000000000000000000
01000000000000000001010000000000010100000000000000000000000000001000000000000000000000000000000000000000000000000000000001010000
10010000000000000001010000000000110000000000000000000000000000000010000000000000000000000000000000000000000000000000000010010000
10100000000000000001000000000000010100000000000000000000000000001011000000000000000000000000000000000000000000000000000011010000
11010000000000000001010000000000110100000000000000000000000000000001111010000000000000000000000000000000000000000000000000000000
01000000000000000001010000000000010000000000000000000000000000000001000000000000000000000000000000000000000000000000000000000000
01000000000000000001010000000000100000000000000000000000000000000100000000000000000000000000000000000000000000000000000010000000
00000000000000001001011000000000000000000000000000000000000000000000000000000000000000000000000010000000000000000000000001110000
10100000000000000001010000000000100000000000000000000000000000001000000000000000000000000000000000000000000000000000000010000000
00000000000000001001011000000000000000000000000000000000000000000000000000000000000000000000000010000000000000000000000011110000
10100000000000000001010000000000100000000000000000000000000000001100000000000000000000000000000000000000000000000000000010000000
10010000000000000001010000000000011100000000000000000000000000000010000000000000000000000000000000000000000000000000000010010000
10010000000000000001010000000000111100000000000000000000000000000010000000000000000000000000000000000000000000000000000001010000
01000000000000000001010000000000011100000000000000000000000000001000000000000000000000000000000000000000000000000000000000110000
10010000000000000001010000000000001100000000000000000000000000000010000000000000000000000000000000000000000000000000000000110000
01000000000000000001010000000000111100000000000000000000000000001000000000000000000000000000000000000000000000000000000010110000
10010000000000000001010000000000101100000000000000000000000000000010000000000000000000000000000000000000000000000000000010110000
10010000000000000001100000000000000000100000000000000000000000001001000000000000000000000000000000000000000000000000000011010000
01000000000000000001000000000000110100000000000000000000000000000101000000000000000000000000000000000000000000000000000011010000
01000000000000000001010000000000110100000000000000000000000000000000000000000000000000010000000000000000000000000000000011010000
00000000000000000010111000000000111111111111111111111111111111110000000000000000000000000000000011010000000000000000000000000000
01000000000000000001010000000000100100000000000000000000000000001000000000000000000000000000000000000000000000000000000010010000
10100000000000000001000000000000100100000000000000000000000000000011000000000000000000000000000000000000000000000000000011010000
11010000000000000001010000000000110100000000000000000000000000000010101110000000000000000000000000000000000000000000000000000000
01000000000000000001010000000000010100000000000000000000000000001000000000000000000000000000000000000000000000000000000001010000
10010000000000000001010000000000011100000000000000000000000000000010000000000000000000000000000000000000000000000000000010010000
10100000000000000001000000000000010100000000000000000000000000001011000000000000000000000000000000000000000000000000000011010000
11010000000000000001010000000000110100000000000000000000000000000010101110000000000000000000000000000000000000000000000000000000
01000000000000000001010000000000010000000000000000000000000000000001000000000000000000000000000000000000000000000000000000000000
