0000000000000000
0001110000000000
00000010000000000000000000000000
00000000000000000000000000000000
000000000000000000000000
10000000

0000000000000000
0010111000000000
10000000000000000000000000000000
00000000000000000000000000000000
100000000000000000000000
00000000

0100000000000000
0001010000000000
10000000000000000000000000000000
11000000000000000000000000000000
000000000000000000000000
10000000

0000000000000000
0001110000000000
00100000000000000000000000000000
00000000000000000000000000000000
000000000000000000000000
00000000
